var num=[
    //0-30
    {a:[[0,0,1,1,1,0,0],[0,1,1,0,1,1,0],[1,1,0,0,0,1,1],[1,1,0,0,0,1,1],[1,1,0,0,0,1,1],
    [1,1,0,0,0,1,1],[1,1,0,0,0,1,1],[1,1,0,0,0,1,1],[0,1,1,0,1,1,0],[0,0,1,1,1,0,0]]},
    //1-27
    {a:[[0,0,0,1,1,0,0],[0,1,1,1,1,0,0],[0,0,0,1,1,0,0],[0,0,0,1,1,0,0],[0,0,0,1,1,0,0],
    [0,0,0,1,1,0,0],[0,0,0,1,1,0,0],[0,0,0,1,1,0,0],[0,0,0,1,1,0,0],[1,1,1,1,1,1,1]]},
    //2-3
    {a:[[0,1,1,1,1,1,0],[1,1,0,0,0,1,1],[0,0,0,0,0,1,1],[0,0,0,0,1,1,0],[0,0,0,1,1,0,0],
    [0,0,1,1,0,0,0],[0,1,1,0,0,0,0],[1,1,0,0,0,0,0],[1,1,0,0,0,1,1],[1,1,1,1,1,1,1]]},
    //3-31------
    {a:[[1,1,1,1,1,1,1],[0,0,0,0,0,1,1],[0,0,0,0,1,1,0],[0,0,0,1,1,0,0],[0,0,1,1,1,0,0],
    [0,0,0,0,1,1,0],[0,0,0,0,0,1,1],[0,0,0,0,0,1,1],[1,1,0,0,0,1,1],[0,1,1,1,1,1,0]]},
    //4-34
    {a:[[0,0,0,0,1,1,0],[0,0,0,1,1,1,0],[0,0,1,1,1,1,0],[0,1,1,0,1,1,0],[1,1,0,0,1,1,0],
    [1,1,1,1,1,1,1],[0,0,0,0,1,1,0],[0,0,0,0,1,1,0],[0,0,0,0,1,1,0],[0,0,0,1,1,1,1]]},
    //5-34
    {a:[[1,1,1,1,1,1,1],[1,1,0,0,0,0,0],[1,1,0,0,0,0,0],[1,1,1,1,1,1,0],[0,0,0,0,0,1,1],
    [0,0,0,0,0,1,1],[0,0,0,0,0,1,1],[0,0,0,0,0,1,1],[1,1,0,0,0,1,1],[0,1,1,1,1,1,0]]},
    //6-34
    {a:[[0,0,0,0,1,1,0],[0,0,1,1,0,0,0],[0,1,1,0,0,0,0],[1,1,0,0,0,0,0],[1,1,0,1,1,1,0],
    [1,1,0,0,0,1,1],[1,1,0,0,0,1,1],[1,1,0,0,0,1,1],[1,1,0,0,0,1,1],[0,1,1,1,1,1,0]]},
    //7-27
    {a:[[1,1,1,1,1,1,1],[1,1,0,0,0,1,1],[0,0,0,0,1,1,0],[0,0,0,0,1,1,0],[0,0,0,1,1,0,0],
    [0,0,0,1,1,0,0],[0,0,1,1,0,0,0],[0,0,1,1,0,0,0],[0,0,1,1,0,0,0],[0,0,1,1,0,0,0]]},
    //8-43
    {a:[[0,1,1,1,1,1,0],[1,1,0,0,0,1,1],[1,1,0,0,0,1,1],[1,1,0,0,0,1,1],[0,1,1,1,1,1,0],
    [1,1,0,0,0,1,1],[1,1,0,0,0,1,1],[1,1,0,0,0,1,1],[1,1,0,0,0,1,1],[0,1,1,1,1,1,0]]},
    //9-43
    {a:[[0,1,1,1,1,1,0],[1,1,0,0,0,1,1],[1,1,0,0,0,1,1],[1,1,0,0,0,1,1],[0,1,1,1,0,1,1],
    [0,0,0,0,0,1,1],[0,0,0,0,0,1,1],[0,0,0,0,1,1,0],[0,0,0,1,1,0,0],[0,1,1,0,0,0,0]]}];